0 0
0 1
0 2
1 2
2 2
2 1
2 0
3 0
4 0
5 0
1 3
1 4
2 4
3 4
3 3
4 3
5 3
5 4
(0, 1)(0, 2)(1, 2)(1, 3)(1, 4)(2, 4)(3, 4)(3, 3)(4, 3)(5, 3)(5, 4)

0 0
0 1
1 1
2 1
2 2
3 2
3 3
4 3
5 3
6 3
6 4
7 4
6 5
6 6
7 6
(0, 1)(1, 1)(2, 1)(2, 2)(3, 2)(3, 3)(4, 3)(5, 3)(6, 3)(6, 4)(6, 5)(6, 6)(7, 6)

0 0
1 0
1 1
2 1
2 2
3 2
4 2
4 3
4 4
3 4
3 5
2 5
1 5
1 6
1 7
1 8
2 8
2 9
3 9
3 10
4 10
5 10
6 10
7 10
8 10
9 10
10 10
11 10
11 9
11 8
12 8
13 8
14 8
14 9
14 10
14 11
14 12
14 13
14 14
13 13
12 13
11 13
11 14
11 15
12 15
13 15
13 16
14 16
14 17
14 18
14 19
14 20
13 19
12 19
12 20
12 21
13 21
13 22
14 22
14 23
(1, 0)(1, 1)(2, 1)(2, 2)(3, 2)(4, 2)(4, 3)(4, 4)(3, 4)(3, 5)(2, 5)(1, 5)(1, 6)(1, 7)(1, 8)(2, 8)(2, 9)(3, 9)(3, 10)(4, 10)(5, 10)(6, 10)(7, 10)(8, 10)(9, 10)(10, 10)(11, 10)(11, 9)(11, 8)(12, 8)(13, 8)(14, 8)(14, 9)(14, 10)(14, 11)(14, 12)(14, 13)(13, 13)(12, 13)(11, 13)(11, 14)(11, 15)(12, 15)(13, 15)(13, 16)(14, 16)(14, 17)(14, 18)(14, 19)(13, 19)(12, 19)(12, 20)(12, 21)(13, 21)(13, 22)(14, 22)(14, 23)

