0 0
0 1
0 2
0 3
1 2
0 4
1 3
2 2
1 4
2 1
2 4
2 0
2 5
3 4
3 0
3 3
4 0
4 3
5 0
5 3
4 2
5 4
5 2
5 5
(0, 0)(0, 1)(0, 2)(0, 3)(0, 4)(1, 4)(2, 4)(3, 4)(3, 3)(4, 3)(5, 3)(5, 4)(5, 5)

0 0
0 1
1 1
1 2
2 1
1 3
2 2
2 0
0 3
3 2
3 3
3 4
4 3
3 5
4 4
5 3
3 6
4 5
2 5
6 3
5 2
1 5
6 4
5 1
0 5
6 5
7 4
6 1
5 0
4 1
0 6
6 6
7 1
6 0
0 7
7 6
7 2
7 0
7 7
(0, 0)(0, 1)(1, 1)(1, 2)(2, 2)(3, 2)(3, 3)(4, 3)(5, 3)(6, 3)(6, 4)(6, 5)(6, 6)(7, 6)(7, 7)

0 0
0 1
1 0
0 2
1 1
2 1
2 2
3 2
4 2
4 3
4 4
3 4
3 5
2 4
2 5
1 4
1 5
1 6
1 7
1 8
0 7
1 9
2 8
0 8
1 10
2 9
2 10
3 9
3 10
4 10
4 11
5 10
5 11
6 10
5 9
5 12
6 11
7 10
8 10
7 9
8 11
9 10
7 8
8 12
9 11
10 10
8 8
7 7
6 8
8 13
9 12
7 12
11 10
10 9
8 7
7 6
8 14
9 13
11 9
9 7
8 6
6 6
9 14
7 14
11 8
10 7
9 6
8 5
6 5
9 15
7 15
12 8
9 5
8 4
6 4
5 5
9 16
10 15
6 15
13 8
10 5
9 4
7 4
6 3
9 17
10 16
8 16
11 15
6 16
5 15
13 9
14 8
13 7
11 5
10 4
7 3
9 18
10 17
11 16
12 15
11 14
6 17
5 16
13 10
14 9
14 7
13 6
11 6
12 5
11 4
10 3
7 2
9 19
10 18
11 17
12 16
13 15
11 13
7 17
4 16
13 11
14 10
14 6
13 5
12 4
11 3
7 1
9 20
10 19
8 19
11 18
13 16
12 13
7 18
4 17
3 16
13 12
14 11
12 11
14 5
13 4
8 1
7 0
6 1
10 20
8 20
11 19
7 19
13 17
14 16
13 13
4 18
3 15
2 16
14 12
14 4
9 1
8 0
6 0
5 1
10 21
11 20
7 20
12 19
6 19
14 17
14 13
4 19
5 18
3 18
2 17
1 16
14 3
9 2
10 1
9 0
5 0
10 22
11 21
12 20
7 21
6 20
13 19
5 19
14 18
14 14
4 20
3 19
2 18
1 17
1 15
0 16
11 1
10 0
4 0
10 23
11 22
9 22
12 21
6 21
14 19
3 20
2 19
1 18
12 1
11 0
3 0
9 23
8 22
13 21
5 21
14 20
2 20
0 18
13 1
12 0
8 23
13 22
5 22
0 19
13 2
14 1
13 0
7 23
14 22
5 23
4 22
14 0
7 24
14 23
5 24
4 23
3 22
6 24
14 24
(0, 0)(0, 1)(1, 1)(2, 1)(2, 2)(3, 2)(4, 2)(4, 3)(4, 4)(3, 4)(3, 5)(2, 5)(1, 5)(1, 6)(1, 7)(1, 8)(1, 9)(1, 10)(2, 10)(3, 10)(4, 10)(5, 10)(6, 10)(7, 10)(8, 10)(8, 11)(8, 12)(8, 13)(8, 14)(9, 14)(9, 15)(9, 16)(9, 17)(9, 18)(9, 19)(9, 20)(10, 20)(10, 21)(11, 21)(12, 21)(13, 21)(13, 22)(14, 22)(14, 23)(14, 24)

